image_width: 1280
image_height: 800
camera_name: narrow_stereo
camera_matrix:
  rows: 3
  cols: 3
  data: [746.37697,   0.     , 638.9015 ,
           0.     , 754.23331, 411.24815,
           0.     ,   0.     ,   1.     ]
distortion_model: plumb_bob
distortion_coefficients:
  rows: 1
  cols: 5
  data: [-0.301655, 0.067447, -0.004091, -0.000927, 0.000000]
rectification_matrix:
  rows: 3
  cols: 3
  data: [1., 0., 0.,
         0., 1., 0.,
         0., 0., 1.]
projection_matrix:
  rows: 3
  cols: 4
  data: [524.0575 ,   0.     , 632.46694,   0.     ,
           0.     , 681.34644, 409.49803,   0.     ,
           0.     ,   0.     ,   1.     ,   0.     ]
